[calibstar_speccor] 1 2038 300.00 1.111  3403.544  8169.865 BD+28
 3450.00   1.2913E-12   50.000       29350.
 3500.00   1.2205E-12   50.000       34254.
 3550.00   1.1755E-12   50.000       43731.
 3600.00   1.1119E-12   50.000       59948.
 3650.00   1.0522E-12   50.000       91090.
 3700.00   9.9601E-13   50.000      136724.
 3750.00   9.4320E-13   50.000      200068.
 3800.00   8.9351E-13   50.000      269099.
 3850.00   8.3897E-13   50.000      337951.
 3900.00   8.0267E-13   50.000      393543.
 3950.00   7.5418E-13   50.000      438866.
 4000.00   7.3544E-13   50.000      468613.
 4050.00   7.1740E-13   50.000      478051.
 4100.00   6.4432E-13   50.000      441736.
 4150.00   6.5249E-13   50.000      464484.
 4200.00   6.1968E-13   50.000      462267.
 4250.00   5.8870E-13   50.000      462326.
 4300.00   5.5941E-13   50.000      459261.
 4350.00   5.0314E-13   50.000      441883.
 4400.00   5.1971E-13   50.000      486093.
 4450.00   4.9425E-13   50.000      505362.
 4500.00   4.7451E-13   50.000      514785.
 4550.00   4.5149E-13   50.000      510908.
 4600.00   4.3768E-13   50.000      520495.
 4650.00   4.2050E-13   50.000      526016.
 4700.00   3.9307E-13   50.000      511037.
 4750.00   3.8840E-13   50.000      522953.
 4800.00   3.6999E-13   50.000      515084.
 4850.00   3.3357E-13   50.000      484761.
 4900.00   3.3906E-13   50.000      496480.
 4950.00   3.2920E-13   50.000      504163.
 5000.00   3.1676E-13   50.000      499794.
 5050.00   3.0205E-13   50.000      494788.
 5100.00   2.9345E-13   50.000      501973.
 5150.00   2.8252E-13   50.000      506127.
 5200.00   2.7458E-13   50.000      506780.
 5250.00   2.6445E-13   50.000      502401.
 5300.00   2.5949E-13   50.000      494063.
 5350.00   2.4772E-13   50.000      484328.
 5400.00   2.3436E-13   50.000      460987.
 5450.00   2.3008E-13   50.000      455479.
 5500.00   2.2384E-13   50.000      450684.
 5550.00   2.1384E-13   50.000      440491.
 5600.00   2.0620E-13   50.000      429713.
 5650.00   1.9705E-13   50.000      420001.
 5700.00   1.8833E-13   50.000      406851.
 5750.00   1.8337E-13   50.000      397189.
 5800.00   1.7693E-13   50.000      391934.
 5850.00   1.7233E-13   50.000      386125.
 5900.00   1.6480E-13   50.000      367555.
 5950.00   1.5763E-13   50.000      361492.
 6000.00   1.5218E-13   50.000      361782.
 6050.00   1.4831E-13   50.000      359449.
 6100.00   1.4455E-13   50.000      357891.
 6150.00   1.3961E-13   50.000      356094.
 6200.00   1.3486E-13   50.000      352544.
 6250.00   1.3029E-13   50.000      348313.
 6300.00   1.2359E-13   50.000      339758.
 6350.00   1.2165E-13   50.000      340538.
 6400.00   1.1976E-13   50.000      338214.
 6450.00   1.1470E-13   50.000      330084.
 6500.00   1.1088E-13   50.000      318801.
 6550.00   1.0237E-13   50.000      302468.
 6600.00   1.0558E-13   50.000      308663.
 6650.00   1.0496E-13   50.000      312474.
 6700.00   1.0340E-13   50.000      307295.
 6750.00   1.0094E-13   50.000      303135.
 6800.00   1.0038E-13   50.000      299657.
 6850.00   9.1894E-14   50.000      288186.
 6900.00   8.5698E-14   50.000      264102.
 6950.00   9.0095E-14   50.000      272917.
 7000.00   8.6392E-14   50.000      272235.
 7050.00   8.5959E-14   50.000      270962.
 7100.00   8.3975E-14   50.000      270773.
 7150.00   7.9078E-14   50.000      259755.
 7200.00   6.9824E-14   50.000      225947.
 7250.00   6.8864E-14   50.000      228596.
 7300.00   6.9827E-14   50.000      226942.
 7350.00   7.1465E-14   50.000      239092.
 7400.00   7.1155E-14   50.000      239117.
 7450.00   6.8922E-14   50.000      237588.
 7500.00   6.7382E-14   50.000      232122.
 7750.00   5.9712E-14   50.000      197751.
 7800.00   5.8409E-14   50.000      190738.
 7850.00   5.7139E-14   50.000      179953.
 7900.00   5.5388E-14   50.000      172805.
 7950.00   5.3695E-14   50.000      168186.
 8000.00   5.4012E-14   50.000      162370.
 8050.00   5.1413E-14   50.000      155782.
