# Mon 02:57:15 12-May-2025
begin	identify lamps_combined - Ap 1
	id	lamps_combined
	task	identify
	image	lamps_combined - Ap 1
	aperture	1
	aplow	1370.48
	aphigh	1380.48
	features	11
	        370.35 7245.10698   7245.167   7.5 1 1 
	        398.90 7174.04111   7173.939   7.5 1 1 
	        497.34 6929.38886  6929.4678   7.5 1 1 
	        583.01 6717.02329    6717.04   7.5 1 1 
	        598.66 6678.29568  6678.2764   7.5 1 1 
	        710.33 6402.31864   6402.246   7.5 1 1 
	       1095.90 5460.60533  5460.7422   7.5 1 1 
	       1252.87 5085.93796  5085.8242   7.5 1 1 
	       1374.80 4799.98789  4799.9199   7.5 1 1 
	       1427.47 4678.07635  4678.1602   7.5 1 1 
	       1711.45 4046.55751  4046.5569   7.5 1 1 
	function spline3
	order 3
	sample *
	naverage 1
	niterate 0
	low_reject 3.
	high_reject 3.
	grow 0.
	coefficients	10
		3.
		3.
		1.
		2038.000000000001
		1648.461656325689
		1360.674879776283
		1078.703567092497
		801.7016169104898
		551.2440826749495
		396.8658823781407

